epoch: 53, best score: 0.7339877863086183
epoch: 60, best score: 0.7365001993231313
epoch: 61, best score: 0.7378089016813407
