available cuda: 2
training started: Jun04_11-32-38
epoch:00, train:0.964, valid:0.790, threshold: [0.81717687 1.20601687 1.44482293 1.86834042 2.51520705], score:0.581, best:0.581, date:Jun04_11-44-36
epoch:01, train:0.706, valid:0.540, threshold: [0.64716321 1.36657071 1.8343615  2.16575629 4.92483442], score:0.714, best:0.714, date:Jun04_11-56-25
epoch:02, train:0.704, valid:0.728, threshold: [0.78773769 1.41128042 1.96113458 2.33862571 3.14063818], score:0.670, best:0.714, date:Jun04_12-08-15
epoch:03, train:0.661, valid:2.838, threshold: [0.68208147 1.32248911 1.50412701 2.00918657 5.73546085], score:0.629, best:0.714, date:Jun04_12-20-04
